y1 = 7.143005458856258
y2 = 1.2873459106402758
y3 = 2.280501251694647