y1 = 5.609999999999999
y2 = 0.055000000000000125
y3 = 3.06125