y1 = 5.648038938380607
y2 = 0.051016184673134436
y3 = 3.0700066417298895