y1 = 5.61
y2 = 0.055000000000000146
y3 = 3.06125